24,4293,1
130,1007,1
34,12798,1
162,2500,1
188,8106,1
20,3746,1
167,4974,1
162,4616,1
60,9074,1
132,10645,1
60,8936,1
107,7296,1
101,11820,1
2,10294,2
60,4383,1
53,5823,2
111,4490,2
37,1874,1
2,6657,2
22,3405,1
179,12314,1
2,11367,1
190,1047,1
145,5117,1
12,11128,1
120,6982,1
67,13133,1
150,5052,1
133,2612,2
99,12814,1
2,4194,1
53,5223,1
130,7289,1
2,10753,2
22,3030,1
20,4008,1
14,5165,1
111,10345,1
53,5579,1
187,7883,1
36,5167,1
9,9677,1
101,13196,1
182,1628,1
18,12220,1
2,9351,1
34,7318,1
37,11763,1
28,9292,1
126,5389,1
36,11548,1
150,3135,1
20,7278,1
194,11620,1
9,6805,1
60,1579,1
107,8114,2
107,7294,1
137,6173,1
119,8506,1
12,1901,1
187,9319,1
136,11994,1
60,11471,1
111,8665,1
34,5774,1
107,2619,1
56,12695,1
149,3641,1
107,5056,1
34,3893,1
34,10888,1
17,6136,1
17,6116,1
17,2411,1
28,9083,2
2,11583,1
2,11936,1
34,10721,1
116,3959,1
12,1800,1
138,9319,3
35,5151,1
9,2760,1
188,11632,1
72,9365,1
2,8576,2
160,4250,1
9,5273,1
2,11295,1
147,640,1
224,1874,1
12,11571,1
35,4312,3
154,4202,1
2,11664,1
141,9311,1
3,1765,1
18,672,1
182,4856,1
186,10336,1
188,7147,1
153,6342,1
154,5823,1
61,1998,1
132,12814,1
150,5793,1
152,3193,1
177,13173,1
37,12658,1
14,3271,1
118,12364,1
99,13048,1
22,10584,1
2,5043,1
166,3224,1
17,2006,1
2,1759,1
186,12185,1
154,2594,1
154,1333,1
2,1104,1
133,4555,1
186,8032,1
14,11285,1
151,5314,1
2,4888,1
29,12880,1
12,5891,1
180,1765,1
154,11091,1
34,4856,1
60,2433,1
14,5284,1
166,5031,4
18,8478,1
48,11325,1
2,1698,1
117,2214,1
150,4477,1
9,1596,1
20,10340,1
132,11125,1
126,2993,1
138,1074,1
138,1348,1
151,9112,1
101,12645,1
4,1333,1
185,2796,1
24,10474,1
24,6750,1
136,12575,1
118,8422,1
17,12661,1
34,13005,1
18,1167,1
132,12809,1
163,3135,1
2,5119,2
224,11017,1
111,12444,1
52,5893,1
116,8837,1
20,2619,1
224,5823,1
198,12399,1
60,2419,1
118,9874,1
60,10645,1
176,8192,1
48,2897,1
50,2142,1
41,11771,1
2,8912,1
213,0,1
144,11889,1
150,3157,1
133,12972,1
182,4777,1
17,1616,1
10,12426,1
2,12665,1
60,8637,1
107,10038,1
2,11851,1
99,1366,1
173,12190,1
101,2796,1
185,10977,1
2,4695,1
37,12706,1
2,4910,2
133,1044,3
118,4608,2
2,1047,25
162,3839,1
18,10251,2
107,0,2
111,9390,1
224,13156,1
151,4348,9
28,989,1
9,2742,2
28,7973,1
22,7816,1
14,6676,1
12,8124,1
58,5941,1
154,11246,1
2,9849,1
14,1064,1
101,1333,1
145,4705,1
141,11912,1
2,6156,1
2,12656,2
126,10431,2
170,5861,1
152,4262,1
60,5917,1
18,1514,1
2,4963,1
34,2807,1
111,9239,1
2,12151,1
149,4853,2
191,9576,1
117,8106,1
198,7816,1
60,8578,1
35,1050,1
190,5737,1
28,3959,1
160,3516,1
151,5004,1
37,13084,1
9,9929,1
12,13249,1
9,7019,1
152,3849,1
154,12768,1
194,9074,1
18,6777,3
173,12741,1
2,9847,1
189,1366,1
18,7125,1
20,5957,1
111,5129,1
22,1366,2
34,12444,2
133,4250,1
12,652,1
188,11764,1
2,12258,1
18,2427,1
177,2713,1
61,10640,1
162,5893,1
37,7296,1
36,6823,1
111,4335,1
124,10893,1
82,8899,1
154,2482,1
35,10166,1
7,11072,1
101,1740,1
151,5110,1
176,5379,1
2,11187,1
37,13127,1
117,5336,1
133,3796,1
14,4780,1
41,6766,1
169,9946,1
37,4536,1
144,3495,1
15,2233,1
14,6315,1
60,2583,1
154,3391,1
60,640,1
12,12679,1
106,11865,1
20,5890,1
133,1628,1
10,4685,1
67,4317,1
34,13078,1
107,9483,1
177,3066,1
126,10109,1
194,10607,1
154,4477,1
14,5868,2
128,6782,1
151,7000,1
168,6339,1
156,5056,1
2,3238,1
194,10672,1
66,0,8
198,8336,1
111,11940,1
126,6838,1
61,5941,1
147,8440,1
152,1047,1
2,2712,1
2,12070,1
99,9667,1
137,6151,1
52,9671,2
187,5948,1
20,5355,1
165,3849,1
10,4395,1
17,2480,1
17,9599,1
61,5347,1
17,2620,1
2,5025,1
99,12845,1
97,9818,1
154,2921,1
14,6339,1
184,9754,1
48,10670,1
22,8936,1
60,7719,1
152,9263,2
32,5567,1
156,10474,1
2,12641,1
37,1841,1
182,10967,1
182,6173,1
14,5697,1
205,8179,1
50,3222,3
107,1047,4
179,6775,1
56,2742,1
136,1241,1
155,7774,1
60,4705,1
50,2234,1
9,5297,1
18,8410,1
50,4201,1
2,5823,1
14,5994,1
52,1044,6
118,3120,1
60,10830,1
107,2352,2
180,11054,1
157,8551,1
118,4464,1
20,5931,3
165,4303,1
107,5553,1
136,10373,1
151,5112,1
151,9521,1
186,12293,1
37,4310,1
18,4041,1
99,8888,1
107,6794,1
2,5915,1
61,4676,2
20,2163,1
187,9483,1
166,10251,1
186,9370,1
176,10876,1
99,11640,1
9,13014,1
167,0,1
9,3974,1
99,0,3
2,8468,1
28,1658,1
118,8451,1
99,1050,1
124,10840,1
2,10063,1
14,2540,1
2,11198,3
2,6840,1
154,12492,2
9,6063,1
205,1765,1
60,6651,1
129,3135,1
53,2097,1
111,10992,1
36,12905,1
152,9447,1
66,12708,1
60,2604,1
182,3066,1
144,8801,1
191,4676,1
210,12747,1
2,10483,1
147,5014,1
129,9603,1
61,2988,1
166,9648,1
185,1797,1
130,2031,1
190,6060,1
34,5558,1
2,5805,1
2,4424,1
2,1973,1
12,1004,1
37,2600,1
36,3178,1
176,5193,1
34,2771,1
34,4210,1
186,11496,1
3,8445,1
118,1588,1
198,9704,4
14,8403,1
118,2031,1
167,4754,1
156,0,7
189,6361,1
12,4490,2
111,6724,1
196,2538,1
14,1617,1
150,3054,1
129,1726,1
131,4210,1
187,1951,2
2,0,58
2,1627,1
198,9452,2
127,2594,1
131,10040,1
106,6151,1
18,6315,2
10,5790,1
9,4478,1
66,12548,1
14,7468,1
147,10931,1
167,6040,1
178,3935,1
118,1047,1
182,11016,1
232,12697,1
18,5747,1
17,2275,2
131,1031,1
38,4713,2
164,735,1
72,11942,1
35,0,1
9,11612,1
129,1333,1
53,10788,1
198,4808,1
103,9069,1
9,10103,1
132,10085,1
153,2135,1
60,1348,1
66,8701,1
166,10723,1
9,1394,3
14,11450,1
72,4102,1
22,6208,1
37,0,5
72,4610,1
169,6389,1
111,9929,1
22,9377,1
20,10865,1
129,12775,1
130,11398,1
147,10166,1
186,10309,1
111,12406,1
198,10373,1
60,12568,1
17,3159,1
111,2427,1
35,3852,1
107,1874,1
9,3334,1
156,8936,1
18,627,1
132,3458,1
72,9578,1
177,11016,1
60,12339,1
22,6334,1
120,4959,1
118,10524,1
17,9254,1
107,11332,1
2,4569,1
118,5764,1
28,12337,1
131,6775,1
182,5662,1
27,7781,1
106,11014,1
168,6579,2
24,3250,1
67,6874,1
107,5951,1
99,3355,2
118,4910,1
14,2427,1
29,7903,2
107,11516,1
2,8440,4
2,13185,1
107,1630,1
36,10765,1
139,8968,1
119,1699,1
212,6566,1
37,9359,1
165,10294,1
34,12080,1
72,4359,1
35,1968,1
61,2742,1
34,7499,1
17,8350,1
2,6860,1
182,3839,1
165,12573,1
151,4825,1
118,9254,2
34,6197,2
34,6542,1
230,10103,1
2,10481,1
182,2856,1
37,2097,1
107,6020,1
155,7141,2
107,11239,1
107,2040,1
158,3522,1
66,11336,1
7,6702,2
194,1874,1
52,6551,2
169,4813,1
154,6123,1
9,6807,1
14,1044,2
20,12344,1
187,11712,1
2,5762,1
107,3748,1
128,9480,1
50,4061,1
9,5031,1
147,9025,1
129,2668,1
20,12748,1
72,8753,1
156,3564,1
111,9693,1
111,12914,1
150,5836,1
182,3596,1
107,1366,1
22,13130,1
72,3516,1
118,8778,1
182,5350,2
9,6362,2
186,9877,1
14,8184,1
236,13108,1
7,7233,1
154,3539,1
150,11471,2
2,7289,1
22,4695,1
119,10068,1
12,1697,1
101,9667,2
9,6171,2
60,2673,1
107,12728,1
174,11297,1
20,7289,1
4,2668,1
133,6845,1
133,1486,1
14,11612,1
152,3414,1
172,4303,1
116,7973,1
112,1658,1
14,3404,1
158,9852,1
60,3959,1
210,11759,1
149,4303,2
9,8661,1
37,7612,1
56,10507,1
138,6826,3
60,10739,1
20,3791,4
186,10808,1
185,6589,1
66,8882,1
150,901,1
186,836,1
17,1759,1
167,9892,1
120,11665,1
20,5869,1
22,10012,1
184,12080,1
187,10234,1
2,12096,1
107,6361,1
48,8899,1
101,6123,1
14,9666,1
12,2580,1
141,5274,1
22,6189,1
22,1760,1
133,10273,1
14,4366,1
116,8624,1
60,5597,2
82,2637,1
52,2427,2
147,9528,1
9,6788,1
14,1914,1
165,8402,1
18,6632,1
117,10046,1
20,1227,1
147,9382,1
187,1047,6
9,4490,1
12,5035,1
72,3789,2
37,12591,1
52,4061,1
99,2705,1
117,9488,1
149,1050,1
34,9387,1
133,7165,1
150,11750,3
14,11313,1
198,2532,1
198,11398,1
182,2018,2
133,7497,1
34,8410,1
111,5585,1
61,6689,1
166,6694,1
2,2651,1
18,8106,1
187,3669,1
2,4646,1
147,3221,1
118,2705,1
103,11596,2
22,4628,1
147,12766,1
154,10474,1
2,5793,1
158,11299,1
2,4127,1
147,2097,1
18,649,1
18,1808,1
66,7319,1
149,3054,1
12,12307,1
185,12809,1
53,0,1
9,6399,1
2,1340,1
60,10746,1
158,2219,2
194,0,1
2,956,1
177,11148,1
147,9003,1
133,11245,1
116,9159,1
138,9074,1
17,5737,1
137,2243,1
111,8506,1
150,1775,1
18,11283,1
176,5823,2
12,5868,1
18,10336,1
12,11054,1
99,10478,1
72,12536,1
9,4096,1
34,10435,1
60,10838,1
177,1525,1
196,10041,1
14,4825,1
107,10063,2
117,10411,1
158,0,13
130,3159,1
9,6926,1
36,13030,1
115,6315,1
20,9634,1
72,2331,1
50,2241,1
18,3208,1
207,11191,1
169,8956,1
224,1698,1
131,6197,1
111,13061,1
99,4194,1
118,9342,1
182,12932,1
103,1012,1
18,6283,1
185,6466,1
147,12661,1
198,5436,1
166,6207,1
103,4859,1
186,8779,1
132,10221,3
2,5032,1
18,5323,1
168,8410,1
107,5010,1
129,8572,1
53,2031,1
60,13051,1
150,8336,1
165,4978,1
166,11746,1
166,2542,1
55,7487,2
182,5473,1
35,2538,1
210,12125,1
154,7030,1
14,7213,1
50,1891,2
2,10539,1
119,11359,1
198,3612,3
191,12147,1
12,2272,1
35,1874,1
118,6143,2
9,1705,2
22,10294,1
66,9036,1
2,6026,1
60,796,1
12,5347,1
66,12216,1
118,7379,1
184,11342,2
141,3203,1
188,11579,1
60,4280,1
138,1670,1
22,1047,2
153,5541,1
32,652,1
61,5662,1
224,1683,1
22,2538,1
60,12472,1
147,12933,1
118,12146,1
2,12652,1
10,8410,1
186,3028,2
66,11846,1
2,1579,1
101,1092,1
36,652,1
188,3789,1
106,4359,1
165,12232,1
169,1874,2
167,11071,1
133,5112,1
126,12697,2
101,6819,1
173,6702,1
2,2226,1
12,6119,1
186,3789,1
53,1728,1
156,9377,1
166,11612,1
129,3223,1
180,11733,1
72,11607,1
182,5150,1
136,11941,1
34,7909,1
24,9575,1
35,8833,1
136,2897,1
182,10949,1
103,4301,1
17,5791,1
154,4303,3
188,5822,1
2,5694,1
126,9093,1
38,1936,1
224,7014,1
106,1394,1
12,2959,2
154,13192,1
53,5825,1
2,3856,1
152,8226,1
187,4978,1
162,10321,1
22,8440,1
178,11334,1
103,0,4
2,11828,1
69,2829,1
106,7141,1
186,4306,1
17,8989,2
186,12729,1
2,10353,2
168,2726,2
133,8278,1
18,12859,1
170,1759,1
188,2340,1
60,2439,1
147,11600,1
18,5176,1
17,12418,2
182,12590,1
150,6758,1
2,1171,1
155,10039,1
20,6273,1
2,1483,1
131,8520,1
138,9447,1
37,5377,1
18,4944,1
118,2189,1
22,9946,1
166,2678,1
60,10876,1
2,10162,2
107,11709,1
144,5569,2
133,9048,1
97,11668,1
29,1699,1
34,12048,1
2,4729,1
2,8114,2
165,3355,1
2,1760,3
61,5747,1
20,11783,1
2,12498,1
176,6529,1
9,11359,2
132,9762,1
150,1625,1
147,9373,1
2,11297,1
2,9942,1
186,4490,1
136,3221,1
118,2776,1
2,1630,2
53,989,1
205,3882,1
128,6580,1
60,3027,1
2,10584,1
14,2915,1
58,4348,1
2,10667,2
154,8316,1
18,5314,1
35,4185,1
167,4417,1
14,6814,1
53,2921,1
14,7206,1
107,5650,1
34,12417,1
168,4128,1
150,5971,1
118,3748,1
152,3935,1
17,2031,1
154,11378,1
106,6034,1
103,9638,1
107,4389,1
147,5845,1
151,2742,2
14,9655,1
2,13114,1
187,6527,1
60,10432,1
124,4360,1
167,6095,1
145,6787,1
150,3461,1
153,4816,1
154,8341,1
106,6832,1
118,7182,1
189,1599,1
17,11994,1
154,3162,1
169,5373,1
17,9113,1
48,2112,1
2,11136,1
14,11496,2
116,7030,1
191,1765,1
126,7781,1
35,1171,2
180,7013,1
18,2892,1
2,11385,1
34,4616,1
182,8010,1
2,10023,1
177,4791,1
118,7816,1
210,1088,1
189,10065,1
188,12923,1
20,8536,1
101,1854,2
60,10029,1
66,1786,1
9,1893,1
133,9714,2
60,8695,1
186,10415,1
187,11767,1
20,1333,2
116,12296,1
22,6826,1
22,9966,1
106,3110,1
24,10001,1
34,11605,1
177,12314,1
151,5295,1
67,11113,1
118,1683,1
198,8013,1
35,6123,1
37,4334,1
116,10511,1
53,1047,1
187,8222,1
205,11869,1
72,8773,1
55,9281,1
22,4932,1
137,1765,1
22,2031,1
119,11324,1
22,1168,1
156,1733,1
167,11118,1
2,4198,1
12,6900,1
107,6033,1
103,1474,1
103,6208,1
17,2530,1
22,10911,1
187,4893,2
126,5321,1
22,10005,1
60,9498,1
2,2572,2
167,9623,1
2,10724,1
2,4972,1
125,3492,1
2,9531,1
38,5044,2
22,7296,1
137,3480,1
144,12545,1
118,4181,1
130,9971,1
131,638,1
99,3458,1
151,6335,1
131,4029,1
150,3029,1
9,10073,1
188,7004,1
186,5941,2
187,2080,1
101,1050,4
69,5662,1
9,8429,1
116,12337,1
111,6827,1
18,3516,3
7,7590,1
118,3054,1
12,6814,1
2,1797,1
69,7019,1
133,11045,1
2,11547,1
69,10703,2
131,4830,1
2,12429,1
36,12613,1
186,12424,1
129,0,3
18,4555,1
2,10155,1
60,1047,4
150,1333,2
61,3592,1
69,10714,1
34,10345,1
52,2197,1
129,10001,1
14,11256,1
224,6143,1
37,12335,1
18,9262,1
133,7396,1
10,13182,1
18,1893,1
37,9414,1
147,11596,1
2,9968,1
20,6297,1
22,6767,1
116,9173,1
107,6772,1
117,2959,1
22,2992,1
106,7590,1
126,2267,1
151,8179,2
52,1471,1
129,10724,1
112,12814,1
211,5146,1
18,6579,1
154,3346,1
136,1333,1
136,8576,1
129,1421,1
37,4851,1
224,8316,1
53,3355,1
154,3612,1
60,10434,1
187,12199,1
28,4163,2
118,8217,1
12,9505,1
133,1765,1
41,2634,1
72,10448,1
103,11297,1
162,13184,1
166,12561,1
60,12371,1
18,2496,3
37,5335,1
194,5553,1
22,0,15
106,4085,1
14,9235,1
149,3289,1
196,10667,1
14,2674,1
126,1521,1
12,4476,1
24,9289,1
130,1599,1
20,3221,1
22,2590,1
111,5624,1
38,9028,1
154,4471,1
182,4555,2
34,10354,1
9,3208,1
166,10336,1
177,10192,2
132,4707,1
133,3444,2
147,5823,1
186,9860,1
154,11011,1
170,5188,1
60,11264,1
18,11555,1
186,8524,1
60,4303,1
18,5668,2
154,873,1
17,10375,1
184,4830,1
166,3974,1
186,4531,1
2,7144,1
2,3564,1
118,6624,1
118,1050,2
154,0,3
224,10373,1
116,1658,1
28,6750,1
150,0,4
166,2137,1
12,6892,1
53,5016,1
101,6899,1
2,10474,1
187,4859,1
7,4397,2
2,7391,1
60,2268,1
198,11071,1
20,6123,3
34,9624,1
34,9419,1
177,10606,1
22,907,1
60,6529,1
132,5263,1
35,12740,1
150,3748,2
186,10064,1
138,8741,1
52,5150,2
24,4163,1
97,0,1
22,2604,1
158,4163,4
2,6273,2
178,2341,1
188,6661,1
12,6339,1
141,5353,1
182,12877,1
150,9548,4
150,6903,1
15,0,1
34,12697,1
14,5590,1
18,5679,1
36,11878,1
35,3218,1
20,1241,2
83,6892,1
34,12855,1
9,2795,1
37,3519,1
2,6466,1
20,6372,1
128,7327,1
99,7973,1
176,12418,1
186,6405,1
136,12203,1
9,2980,1
107,7182,1
18,1516,1
14,1639,1
2,1645,1
149,3791,1
111,1044,1
2,12410,1
154,2992,2
133,11889,1
17,6772,1
9,8524,2
205,5822,1
194,2538,1
107,1074,1
111,5475,1
60,2992,1
2,10692,2
22,1227,1
34,3666,1
179,10073,2
168,6175,1
17,5858,1
117,3974,1
18,2018,1
14,2777,1
69,5929,1
14,8032,1
180,5976,1
150,3188,1
72,5956,1
18,10316,2
34,6199,1
18,12606,1
20,4675,1
198,10294,2
99,13143,2
165,5346,1
2,3368,1
17,2796,1
2,6107,1
2,3120,2
107,2602,1
111,11018,1
9,5941,1
201,12181,1
2,9780,2
156,7812,1
9,6348,1
7,4939,1
14,2986,1
118,5380,1
182,11939,1
194,13060,1
156,12430,1
83,9680,1
37,3197,1
61,12127,1
167,9483,1
35,3458,1
99,1759,1
136,5467,1
130,6837,1
128,6551,1
180,9288,1
2,12627,1
9,8375,1
205,11203,1
130,0,4
149,3405,1
117,10169,1
154,11970,1
72,10011,1
37,6666,2
20,0,8
50,3444,2
177,11874,1
56,6333,1
182,9136,1
103,1074,1
3,6524,1
118,8576,2
106,8773,1
9,6508,3
116,10906,1
158,6817,2
103,1050,1
28,10001,1
14,6508,1
2,5117,3
12,12305,1
60,3612,1
107,4055,1
60,9692,1
119,627,1
133,11814,1
29,12000,1
50,6621,1
14,8490,1
60,5193,1
52,5602,1
127,3942,1
3,1275,1
126,13122,1
118,9483,1
34,12783,1
53,3939,1
132,6750,1
12,2937,1
177,4597,1
32,5220,1
2,2796,1
177,7459,1
141,13240,1
118,5836,1
126,7213,1
32,4861,1
182,5284,2
191,2542,1
166,1718,1
50,1945,1
20,11394,1
99,9780,1
130,1560,1
167,12557,1
150,6011,1
224,4851,1
48,6367,1
14,948,1
154,4978,1
106,2009,1
149,7342,1
17,12557,1
154,9344,1
107,6057,1
34,5817,1
14,1930,3
168,2823,1
156,12418,1
118,3623,1
22,12896,1
32,6197,1
150,7296,1
20,2530,1
9,6595,1
28,10906,1
34,5310,1
176,6826,1
156,8699,1
101,4303,1
111,5662,1
111,7505,1
132,10582,1
129,6657,1
167,1366,1
9,2599,1
17,4961,1
168,12428,1
111,4748,1
176,8226,1
36,12929,1
117,12451,1
131,3448,1
149,5823,3
160,2427,1
133,4988,1
82,11028,1
187,1001,1
154,9874,1
60,7212,1
9,5336,1
166,2612,1
2,4466,2
154,1359,2
41,6863,1
180,6960,2
38,10378,1
180,12710,1
186,1332,1
129,7166,1
151,6175,1
56,12833,1
103,12661,1
38,10969,1
178,6826,1
34,4140,1
150,3612,1
66,10739,1
139,9488,1
34,13243,1
133,4751,1
107,1733,1
37,2815,1
99,10221,2
2,10018,1
19,3612,1
165,5823,4
34,6203,1
126,11117,1
106,9879,1
60,9340,2
152,4859,1
150,5049,1
18,4894,1
48,8013,1
52,4676,2
22,6541,1
129,6945,1
106,1987,1
130,2927,1
150,7069,1
60,10542,1
66,2897,1
107,9452,3
12,7213,2
20,9483,1
111,4616,1
165,5300,1
52,5112,1
17,1067,2
20,5605,1
187,10030,1
17,8936,1
37,5760,1
128,12121,1
9,12451,1
34,10244,2
9,5150,1
52,8106,1
154,2293,1
169,10030,1
28,8956,1
170,4808,1
172,11013,1
162,8106,1
166,3590,1
17,1698,2
99,8617,1
182,11425,1
103,1366,2
147,0,1
181,3959,2
18,1510,1
106,9381,2
4,9519,1
160,4274,1
10,2959,1
136,9124,1
176,10645,1
20,9175,1
147,10045,1
182,10790,1
9,4984,1
198,9344,1
2,1094,2
106,6702,1
14,11544,1
48,6334,1
9,9633,1
133,10262,1
18,5310,1
2,3221,1
133,6551,1
154,3447,1
14,1842,1
18,8128,1
150,11785,1
136,6541,1
158,11215,1
53,1366,1
107,901,1
20,10294,1
20,9614,1
187,10557,1
133,4306,2
18,4926,1
133,11616,1
133,8106,1
176,2530,1
3,2335,1
66,6651,1
22,1980,1
155,4135,1
186,12666,1
9,2812,1
107,6123,2
186,12396,1
132,3355,2
48,10418,1
117,1088,1
41,8005,1
181,0,1
176,10478,1
182,2562,1
20,10070,1
83,8106,3
60,10294,1
66,10421,1
14,8690,1
2,3937,1
2,7531,1
69,4737,1
67,7282,1
12,8498,1
117,751,1
107,8217,1
187,12661,2
66,10061,1
186,4900,1
130,3959,1
198,6826,1
14,6579,2
2,10803,1
186,12192,1
29,8478,1
154,12458,1
36,5697,1
124,3066,1
7,5754,1
111,13191,1
41,2427,1
131,1044,1
14,3974,1
12,3055,1
2,7638,1
187,6208,2
35,1759,3
224,1047,1
20,5650,1
154,10788,2
117,4306,1
150,6888,2
166,7943,1
20,1797,2
116,2118,1
18,2340,1
20,6668,1
9,2959,2
12,12857,1
176,10294,1
111,12819,1
132,1146,1
154,2532,1
107,1490,1
176,11022,3
205,2993,1
17,10876,1
118,6095,1
154,10443,1
131,12776,1
18,4940,1
37,9667,1
53,3946,1
131,8258,1
152,6361,1
17,1047,3
99,5188,1
61,6551,1
154,1074,1
18,1914,1
60,2734,1
166,1167,1
153,2652,1
18,10503,3
150,5823,3
36,4830,2
147,4336,1
128,10954,1
22,12993,1
188,9084,1
150,2619,1
14,8171,1
205,6548,2
154,6208,1
20,6334,1
60,3289,1
154,3054,1
99,3173,1
150,8217,1
35,6666,1
107,2006,1
53,5764,1
9,10705,1
154,4732,1
138,2538,1
20,10227,1
22,1050,1
180,4843,1
129,10339,1
132,10478,1
136,12067,1
9,5897,1
152,796,1
9,5361,1
116,12696,1
180,5116,1
177,11175,1
99,8844,1
2,13226,1
198,5463,1
179,4748,1
187,5650,1
53,2886,1
107,3575,1
50,3660,1
187,2776,1
9,2032,1
18,8999,1
107,6161,1
170,7030,1
35,7030,1
189,5056,1
166,12590,1
154,7296,1
130,5212,1
2,3939,1
168,13009,1
150,11411,1
20,5054,2
152,2914,1
12,3600,1
182,2674,1
118,6028,1
163,4424,1
111,11656,1
138,9386,1
2,11387,1
41,8184,1
37,1564,1
117,8498,1
2,10298,1
118,10504,1
118,7296,2
152,2530,1
69,5389,1
34,12772,1
187,0,8
9,5903,1
38,1633,1
185,1490,1
120,10888,1
12,2726,2
22,6048,1
99,5540,1
2,4389,1
9,13085,1
22,4815,1
188,12743,1
38,10448,1
136,9849,1
2,10616,2
14,6667,2
128,12697,1
18,984,1
189,1047,1
187,9704,1
118,2765,1
48,1054,1
187,1366,1
20,1490,1
133,2137,1
17,13033,1
188,9451,1
48,7609,1
99,11174,1
12,6577,1
52,1486,1
34,4650,1
2,5368,1
118,6794,1
166,4348,1
111,12932,1
18,8498,1
14,4777,1
106,4555,1
22,9074,1
198,6361,1
154,10876,1
97,1333,1
9,9778,1
118,2699,1
17,4136,1
2,10708,1
99,1874,1
18,12615,1
61,2542,1
126,4450,1
182,7266,1
118,7366,1
117,1891,1
22,7252,1
187,2187,1
176,0,6
14,9606,1
37,12476,1
116,5861,1
66,1115,1
99,5861,1
2,10678,3
180,8993,1
150,5452,1
182,5116,1
131,2272,1
103,1346,1
149,5371,1
2,2855,1
107,1582,1
176,2149,1
166,4900,1
133,2771,1
20,13172,1
9,8005,1
107,1241,1
158,11567,1
189,8936,1
14,2946,1
136,1047,1
130,3652,1
20,3078,1
133,5150,1
22,6785,1
2,8451,1
129,10522,2
72,9419,2
12,2557,1
58,4681,1
2,2024,1
18,12125,2
116,1050,1
18,1392,1
60,0,5
12,12686,1
167,10454,1
34,11577,1
168,6014,1
151,2957,1
136,4646,1
155,1718,1
141,9696,1
176,5760,1
182,4324,1
72,8973,1
116,11266,1
29,5662,1
2,3117,5
129,1500,1
118,1599,2
111,6010,1
154,3405,1
136,11802,1
118,2754,1
32,3178,1
166,5480,1
7,1534,1
132,12557,1
129,7007,1
12,5963,1
17,0,6
30,3448,1
34,12570,1
34,11283,1
182,1765,1
28,8411,1
187,9311,1
158,3959,1
177,5662,1
229,12666,1
130,3849,1
132,4194,1
111,3613,1
149,2914,1
18,4825,2
10,10538,1
48,2842,1
66,6334,1
18,4887,1
152,10566,1
2,13262,1
107,1092,2
17,6208,1
154,5256,1
130,12223,1
168,1088,1
154,12405,1
2,2765,2
107,1760,1
168,7763,1
14,3516,1
188,2726,1
61,10103,1
32,4445,1
182,627,1
24,7216,1
53,3054,1
17,7030,3
35,10607,1
2,7973,1
9,8281,1
118,11602,3
117,4100,1
2,4583,3
149,5564,1
174,10261,1
136,11950,1
25,4748,1
107,5915,1
118,9168,1
12,2427,1
61,10624,1
2,10957,2
66,4875,2
66,4163,1
2,10001,3
11,0,1
12,8049,1
106,1514,1
2,12764,1
151,12837,1
53,3405,1
18,3590,1
187,9168,1
17,1733,1
2,7719,1
182,11054,1
2,5849,1
107,5997,1
60,9940,1
99,10906,1
170,2787,1
37,1595,1
60,1393,1
41,6151,1
2,9757,2
187,12230,1
176,12683,1
99,13242,1
18,4588,1
138,950,1
17,9452,1
101,3274,1
186,11902,2
101,11802,1
176,6817,2
2,13077,1
144,11324,1
212,1433,1
2,1874,2
36,12491,1
111,10068,1
18,5150,3
158,8956,1
118,4512,1
2,5553,1
126,6568,1
177,3055,1
126,4560,1
186,9482,1
136,9704,1
99,10085,1
22,5650,1
224,6112,1
106,8007,1
2,8361,2
152,5823,3
14,643,1
184,2009,2
141,2635,1
150,7342,1
117,3208,1
2,10827,1
133,9451,1
118,0,6
129,2118,1
20,11017,1
130,4163,4
156,901,1
18,5879,1
133,12385,1
12,1392,1
187,4464,2
12,3969,3
2,12849,1
173,4359,1
52,5662,2
10,6074,1
198,4044,1
66,9261,1
22,2336,1
186,9505,1
189,9265,1
182,10068,1
2,2507,2
188,8999,1
2,10579,1
35,4495,1
131,12736,1
118,6163,1
179,2018,1
18,3996,3
144,11180,1
34,10103,1
166,9617,1
150,4884,1
187,9757,1
106,3143,1
9,2018,1
9,6078,1
154,10957,1
50,1044,1
147,1333,1
166,5415,1
67,10448,1
18,8605,1
141,5306,1
176,161,1
34,9846,1
14,10888,1
9,8757,1
133,5662,2
9,1602,1
12,1035,1
2,12508,1
36,13227,1
132,6361,1
107,4741,1
152,3346,1
154,10294,1
132,0,3
22,901,7
34,6092,1
60,3562,1
18,1217,1
107,12418,1
83,4335,1
147,5155,1
154,2031,1
166,5941,1
117,2340,1
131,11283,1
2,9946,1
170,8712,1
60,11970,1
136,2572,1
3,2348,1
20,4754,1
12,5668,1
118,1775,1
118,10876,1
118,2941,1
118,2118,1
18,6980,1
2,3061,1
178,6727,1
107,2530,2
66,11042,1
165,1050,1
12,3224,1
182,6010,1
20,2536,1
166,4825,1
34,8506,1
25,8258,1
18,6319,1
136,1874,1
162,10040,1
35,12340,1
136,12755,1
118,10971,1
176,7719,1
32,2542,1
61,1765,1
53,9319,1
18,2728,1
118,5193,1
136,0,3
27,4566,1
162,6173,1
118,7030,1
205,12246,1
2,11659,1
147,9186,1
176,9782,1
12,8184,1
133,12475,1
118,9184,1
99,10582,1
132,11174,1
72,8476,1
22,6651,1
117,9929,1
2,5650,1
38,12819,1
2,2668,1
128,4867,1
133,4898,1
60,6684,1
116,0,4
182,8982,1
107,8925,2
189,9243,1
20,6116,2
34,3538,1
107,6013,1
9,6683,2
17,9438,1
29,2542,1
12,9666,3
187,9153,1
160,12376,1
106,5097,1
34,9116,1
152,11565,1
149,4837,1
136,6374,1
119,1901,1
111,5008,1
15,4893,1
188,6171,1
20,1089,1
18,5457,1
154,1223,1
82,6222,1
185,1333,2
166,4797,1
176,4994,1
12,4984,1
20,4895,1
2,12889,2
224,6123,1
7,3538,1
34,12819,1
20,1047,1
14,6391,1
154,11583,1
144,2410,1
66,11585,1
34,6155,1
17,4655,1
9,4731,1
187,8936,1
190,6402,1
60,6064,1
2,1162,1
41,1765,1
162,6915,1
101,8219,1
178,2530,1
24,6817,1
61,2656,1
20,8217,2
124,4849,2
2,2495,1
2,10069,2
7,2407,1
18,3918,1
2,2031,2
166,5473,2
177,4555,1
9,2939,1
107,5962,1
99,1520,2
28,1050,1
2,6178,1
53,4808,1
9,7507,1
154,2200,1
66,10261,1
18,6937,1
194,12418,1
154,6781,1
66,8512,1
22,787,1
2,4187,1
107,2044,1
72,9028,1
149,5937,1
101,6826,1
2,2600,2
118,9708,1
118,8440,1
17,1179,1
37,5946,1
118,11303,1
103,3791,1
150,4336,1
52,9617,1
118,10162,1
48,7847,1
187,7249,1
18,5042,1
22,2741,1
107,13158,1
101,13062,1
20,10454,1
60,3409,1
72,5389,2
14,8627,1
2,6750,1
2,5225,1
186,10073,1
2,1751,2
118,2673,1
72,9635,1
153,12657,1
22,12702,1
177,5679,1
127,0,4
60,1333,1
198,12021,1
14,13207,1
133,11957,1
20,6040,1
18,1088,3
136,9254,1
2,4831,1
3,2539,1
132,10906,1
18,2542,1
61,4348,1
136,6343,1
18,3538,1
36,9190,1
132,6572,1
185,9119,1
34,4335,1
18,4605,1
9,2902,1
133,4676,1
20,10302,1
34,8179,1
36,4616,1
118,1461,1
166,6793,1
2,5452,1
60,5087,1
176,10474,1
150,10005,1
2,6554,1
119,10426,2
2,4907,2
207,11889,1
14,4531,1
37,4347,1
101,11758,1
147,12115,1
17,3193,1
34,11294,1
130,8844,1
22,2006,1
69,9048,1
18,9341,1
14,1332,2
18,4652,1
22,2200,1
111,10244,1
188,10909,1
168,13050,1
198,6794,1
136,7973,1
61,4067,1
151,6388,1
189,6651,1
180,12952,1
187,6785,1
106,1217,1
141,6657,1
18,9729,1
149,3052,1
2,13044,1
9,12666,2
12,12428,1
18,4533,1
38,4731,1
111,4975,1
14,4218,1
181,5306,1
130,1012,1
2,6668,1
176,11471,2
120,8652,1
2,3223,1
179,6151,1
53,2118,1
37,12557,1
194,4303,1
9,12419,1
107,1737,1
154,11466,1
2,12557,1
2,1333,2
2,4464,1
18,9680,1
176,5436,1
107,2754,1
118,6042,1
103,9083,3
107,10294,1
20,1054,1
166,11519,1
118,4978,1
12,5545,1
3,12785,1
153,2018,1
34,12460,1
7,1598,1
178,3331,2
17,4675,1
136,13190,1
147,11198,1
60,2044,1
153,4348,1
136,3924,1
17,6943,1
150,6183,1
60,8778,1
138,3081,1
152,11022,3
155,4140,1
32,2009,1
17,12742,1
20,9256,1
18,2834,1
28,3135,1
136,3612,1
133,11357,1
9,2726,1
12,10336,1
14,12749,1
48,5481,1
152,3212,1
83,11359,1
157,4348,1
24,10883,1
189,1054,1
60,12636,1
48,2486,1
2,9544,1
118,11989,1
28,9214,1
20,9782,1
9,1769,1
166,5631,1
60,1162,1
167,7278,1
34,4144,1
20,6174,1
17,2619,1
106,11474,1
166,6078,1
111,11014,1
178,1874,1
191,8476,1
132,1366,1
67,1654,1
177,6361,1
154,5347,1
36,10085,2
34,10690,1
149,12095,1
9,8262,1
180,12418,1
151,13103,1
14,9704,1
2,10437,1
60,9561,1
61,1366,1
9,9599,3
182,1520,2
34,1227,1
2,6090,1
133,7263,1
184,8844,1
2,10338,1
12,2992,1
189,9110,1
107,1178,1
144,2707,2
145,6029,1
132,3178,1
147,4531,1
182,6826,1
118,8571,1
36,8837,1
2,2544,1
147,13180,1
182,8217,1
189,8478,1
12,2044,1
169,4490,1
2,3602,1
60,2180,1
17,5905,1
133,5760,2
128,3159,1
17,4616,1
17,5914,1
132,4085,1
126,6787,2
189,10309,1
121,13186,1
141,2791,1
14,5858,1
166,1797,1
18,2482,1
188,10632,1
177,13163,1
60,5215,1
181,8179,1
187,5941,2
34,5553,1
107,11544,1
17,4830,1
132,1471,1
2,2555,2
144,12436,1
2,12495,2
2,6467,1
50,4303,1
133,6367,2
168,2031,1
128,8123,1
107,7031,1
18,5849,1
28,5783,1
107,6814,1
107,7013,1
158,12231,2
136,12835,1
2,1930,1
2,4450,2
60,12075,1
149,5097,1
20,5855,1
187,12224,1
36,11004,1
3,1760,1
118,3538,1
107,10778,1
9,3612,1
82,5284,1
12,5520,1
141,5583,1
34,6620,1
7,4152,1
177,12418,2
206,11885,1
131,8624,1
147,4807,2
2,5482,1
154,10448,1
66,2061,1
186,1047,1
36,8624,1
126,3959,1
14,11493,1
118,1534,1
177,10504,1
48,2559,1
7,6123,1
22,9392,1
106,5087,1
66,1394,1
60,5167,1
60,8106,1
34,12803,1
52,4237,1
117,3641,1
151,5823,3
2,8160,1
130,1626,1
150,3882,1
106,10018,1
60,9714,1
111,11013,1
154,5994,1
166,8217,1
20,5480,1
20,1064,1
2,3329,2
189,9332,1
2,10259,1
12,6167,1
22,9622,1
20,5190,1
107,3516,1
118,5941,2
111,12175,1
153,5348,1
154,9730,2
166,6622,1
37,9826,1
166,12393,1
9,6112,1
158,3882,2
24,4566,1
60,6049,2
9,6651,1
14,10612,1
18,7687,1
2,1020,2
22,8333,1
25,4961,1
150,2959,1
104,12418,1
50,4017,1
2,2009,1
165,8614,1
37,4199,1
107,3002,1
118,6151,2
97,5662,1
166,3252,2
66,12055,1
118,52,1
2,5442,1
9,11602,1
32,13055,1
2,9004,1
34,12380,1
28,1699,1
103,12442,1
117,3078,1
61,3368,1
18,9199,1
22,8506,1
154,2180,2
2,12963,1
66,11113,1
154,4384,1
106,6916,1
186,10876,1
20,7183,1
17,1901,1
167,4830,1
141,5402,1
22,11740,1
112,8436,1
7,1751,1
130,12246,1
8,2566,1
106,2796,1
48,6029,1
145,3222,1
99,9624,1
2,6508,2
60,5600,2
118,4409,1
141,2795,1
130,2470,1
22,4616,1
22,10705,1
18,12179,1
107,1088,1
37,6197,2
107,6391,1
22,6726,2
36,12922,1
17,5941,1
162,1874,1
2,9451,1
17,6508,1
165,9097,1
117,1346,1
187,7525,1
37,12592,1
106,10511,1
131,11174,1
107,7491,1
165,3550,1
162,10645,1
195,1333,1
9,6004,1
22,2472,1
2,7590,6
2,9477,1
176,1486,1
36,2796,1
2,2540,1
53,5334,1
111,13246,4
131,2572,1
144,1599,1
2,13166,1
2,9880,1
18,3072,1
10,1797,1
2,12220,1
67,0,5
32,5878,1
60,4250,1
166,8208,2
101,5844,1
20,11124,1
60,13003,1
9,9483,3
111,12632,1
34,2796,1
149,3448,1
14,1755,1
177,8107,1
2,2742,2
20,11759,1
20,9594,1
9,3904,1
34,11303,1
107,10503,1
99,6197,1
182,4712,2
61,5452,1
147,10334,2
107,4218,2
67,725,1
189,2799,1
2,8856,1
20,5415,2
101,1006,1
18,2253,1
18,6943,1
9,2992,1
111,6084,1
12,5870,1
35,1718,1
158,8045,1
195,3959,1
176,8126,1
111,11965,1
186,5917,1
9,2727,1
53,10415,1
174,6542,1
118,6508,1
186,4466,2
147,1044,1
18,1092,1
111,0,4
173,6150,1
182,11633,1
18,6051,1
18,11989,1
20,11290,1
106,11912,1
133,12535,1
72,1728,1
52,9528,1
29,10803,1
116,8436,1
18,11783,1
29,9959,2
18,7816,1
20,11285,1
182,6312,1
145,6856,1
132,5774,1
22,5888,1
150,6498,1
17,4676,1
126,11901,1
188,11921,1
111,9243,1
2,5417,1
152,1822,1
18,835,1
166,13095,1
28,8438,1
206,9615,1
14,5610,1
53,5600,1
53,2942,1
187,6937,1
187,6557,1
61,910,1
67,11376,1
60,3488,1
182,4280,1
150,6595,1
18,1582,1
118,12743,1
17,8614,1
2,5844,1
119,0,1
60,3293,1
133,8637,1
188,10557,2
165,3666,1
53,4210,1
187,11256,1
20,10738,1
17,4210,1
152,1891,1
166,5306,1
24,4748,1
150,4348,1
189,9617,1
163,2542,1
151,11471,1
103,2542,2
41,12474,1
165,2135,1
187,12042,1
17,6937,1
152,12972,1
12,9883,1
69,8219,1
2,7804,2
182,12764,1
50,1308,1
30,10023,1
69,10843,1
166,1047,1
130,5334,1
154,6722,1
9,6367,2
53,3480,1
182,929,1
53,4562,1
151,3355,1
129,7794,1
198,4896,1
37,2425,1
150,4582,1
56,4477,2
119,9083,1
29,6826,1
7,0,2
106,9081,1
69,1728,1
182,4336,1
127,7130,1
101,11878,1
41,7018,1
83,3056,1
133,0,6
2,6212,1
187,6548,1
36,3869,1
171,1050,1
41,4446,1
12,1393,1
34,12368,1
20,7905,1
177,13125,1
187,6315,1
14,2792,1
160,1759,2
2,5888,1
165,5941,1
69,5285,1
2,3284,1
52,9630,2
131,1050,9
128,5117,1
60,9077,1
186,1092,1
136,5631,1
61,0,1
2,6915,2
29,4424,1
119,5117,1
107,5026,1
20,6508,1
107,5150,3
118,4117,1
118,6595,1
111,12337,1
187,8524,2
137,1904,1
2,7848,1
133,11817,1
9,1728,1
9,1520,1
104,2233,1
139,5823,1
147,2221,2
103,1679,1
111,9762,2
154,2656,1
18,8943,1
173,11550,1
2,8005,1
118,10251,1
151,5445,1
111,6666,1
2,5435,2
9,4206,1
198,4306,1
151,2914,1
34,13143,1
151,9438,1
36,13194,1
22,2342,1
162,3355,1
205,3056,3
131,10221,1
22,2427,1
12,3791,1
117,3223,1
18,7296,3
152,5402,1
111,2677,1
176,10671,1
36,5915,1
2,8641,1
167,4825,1
66,10109,1
28,4359,1
34,12898,1
2,5941,4
48,9400,1
36,12845,1
191,0,7
2,4117,1
60,3284,1
2,5808,1
168,5553,1
7,2006,1
60,11270,1
118,2795,2
17,4531,1
22,4508,1
179,1348,1
107,7857,1
61,2776,1
194,12299,1
17,11285,1
12,7014,1
2,5129,1
167,1602,1
182,4495,2
61,2433,1
2,2731,1
61,963,1
12,10616,1
150,627,1
136,3994,1
72,8572,1
154,6814,1
107,1246,1
107,1822,1
111,3081,1
2,12507,1
151,1047,2
18,3489,1
128,8675,1
211,12703,1
182,2615,1
34,10517,1
20,6548,1
24,5466,1
177,9630,1
176,11016,2
185,2726,2
2,11586,1
179,12418,2
34,11125,1
2,4210,2
111,7030,1
107,2342,2
2,2500,1
152,1310,1
133,3959,1
132,12693,1
24,4250,1
53,1628,1
182,4301,1
162,12850,1
107,8164,1
154,2342,1
101,1044,1
147,10446,1
29,3504,1
158,6151,1
182,4578,1
18,5953,1
34,4844,1
184,12953,1
12,2031,1
187,8410,3
37,13155,1
132,12819,1
163,4531,2
158,5505,1
12,6837,1
41,1335,1
168,4859,1
131,6123,1
150,10390,1
34,1973,1
103,5112,1
37,10381,1
182,9083,1
60,5334,2
20,2991,2
2,4896,1
10,3344,1
60,4605,1
154,5495,1
18,3612,2
18,1047,2
155,0,2
60,12499,1
188,9597,1
118,8317,1
22,1163,1
83,3959,1
18,6079,1
14,2732,1
37,10198,1
188,4727,1
17,8010,1
2,13153,2
4,10334,1
18,10388,1
182,3346,1
179,3935,1
152,13076,1
224,5051,1
150,10503,2
20,9929,2
107,5853,1
2,4285,1
138,751,1
2,12909,1
158,9824,1
131,0,4
18,12702,2
185,4210,1
177,10876,1
2,1596,1
14,9452,1
9,7016,1
2,10976,2
20,4348,1
131,5274,1
60,1646,2
182,2587,1
18,12841,1
9,4189,1
20,9505,1
14,5333,1
20,2018,1
9,6556,1
48,8072,1
83,8440,1
60,9648,1
9,7227,1
152,10781,2
118,12396,1
136,1877,1
17,4476,1
121,4566,1
111,5861,1
107,11814,1
37,6827,1
22,2959,2
107,5941,1
2,12688,1
131,4859,1
22,2946,1
60,5662,4
2,8915,1
2,6560,1
147,9480,1
37,12222,1
182,8466,1
18,1074,1
182,2992,3
182,2796,2
160,5650,1
2,8287,1
107,2946,1
20,4900,1
131,9083,1
182,12418,1
34,12339,1
53,8915,1
126,6040,1
34,11242,1
130,2993,1
176,12314,1
2,1310,1
17,2418,1
60,5682,1
2,4384,1
162,6750,2
107,1035,1
20,10606,1
2,2766,1
132,638,1
24,12727,1
111,12247,1
12,8772,1
32,6750,1
107,6548,1
133,11231,1
18,8536,1
32,0,3
10,4486,1
2,6111,1
118,2342,2
177,12661,1
60,3677,1
152,8506,1
20,6571,1
12,4477,2
17,9929,1
72,6219,1
147,6047,1
150,9648,1
60,7165,1
37,11283,1
24,5679,1
119,1050,1
166,9254,1
177,5067,1
66,4751,1
180,4163,1
34,5760,2
147,735,1
129,6067,1
60,10134,1
17,1064,1
126,9319,2
2,11032,2
224,4360,1
130,3794,2
205,12292,1
179,12661,1
82,5679,1
158,4306,1
186,1645,1
176,9048,2
14,10429,1
168,10373,1
2,8605,1
2,13085,1
37,6908,1
2,6849,1
18,6547,1
14,1733,1
97,1598,1
22,4940,1
2,6063,1
118,5994,1
60,9354,1
184,12887,1
151,12612,1
130,3480,1
138,10251,1
9,1054,1
17,6700,1
130,12576,1
14,4701,1
111,11754,1
165,6573,1
2,5220,1
17,10318,1
154,6689,1
2,13203,1
116,12736,4
2,7130,1
137,2705,1
60,4676,7
50,12733,1
2,8830,1
18,8068,1
118,4690,1
101,4306,1
145,8106,1
154,10251,1
38,1366,1
107,12013,1
111,13257,1
37,8951,1
205,6442,1
111,6123,1
12,2149,1
36,13231,1
180,4198,1
147,8131,1
2,4386,1
118,6768,1
99,4155,1
106,12683,1
155,6943,1
101,6205,1
2,6128,1
182,2727,1
38,1333,2
182,3421,3
2,6946,1
50,2996,2
118,10433,1
126,10593,2
187,1516,1
20,4982,1
14,3054,1
2,2542,1
147,8809,1
12,7089,1
9,1874,1
9,12577,1
182,2080,1
154,5747,1
190,12428,1
9,0,14
198,2427,1
17,5624,1
138,1064,1
136,9239,1
152,10299,1
154,10952,1
149,4348,1
18,9483,1
205,12807,1
182,1629,1
35,11283,1
152,12253,1
137,1050,2
150,4867,1
111,5016,1
60,3475,1
141,3307,1
60,2250,1
129,12954,1
60,2018,2
9,7687,1
182,8192,1
22,5941,1
126,9607,1
118,5156,1
12,7816,1
156,7505,1
2,8379,1
3,12906,1
61,5962,1
118,12213,1
18,7799,1
188,12199,1
60,10121,1
35,2427,2
36,12632,1
107,6104,1
22,12220,1
2,2269,1
60,4993,2
99,6771,1
129,8926,1
184,5760,2
72,5964,1
18,6361,1
182,13202,2
111,12814,1
34,6361,1
141,11612,1
126,10106,1
151,7366,1
128,8288,1
14,0,8
155,1047,2
60,6658,1
2,3183,1
158,10163,1
198,11256,1
12,6307,1
22,5150,1
130,11939,1
56,4163,1
18,3584,1
152,5932,1
155,5676,1
34,893,1
34,7030,1
198,2771,1
154,12372,1
187,10316,3
9,4169,1
115,1333,1
182,3807,1
154,6793,3
117,2635,1
118,6339,1
60,12079,1
20,5952,2
9,10414,1
29,2190,1
130,2504,1
2,5455,1
9,1797,1
60,6692,1
60,8627,1
9,1366,1
182,1050,1
128,6219,1
191,2992,1
34,12645,1
163,12181,1
12,5278,1
186,9708,1
155,12557,1
10,8226,1
18,1733,2
14,12418,1
7,4668,1
136,2427,1
150,9400,1
20,1602,2
60,10754,1
99,7206,1
60,6342,1
130,3796,1
9,6682,1
150,6388,1
32,1520,1
22,1765,1
2,1851,1
212,5823,1
9,9874,2
136,6212,1
187,4825,1
2,1394,1
101,10840,1
144,11288,1
17,6843,1
2,10181,1
7,9603,1
138,4825,1
144,6031,3
150,4700,1
14,1366,1
150,2018,4
14,12458,1
18,10223,1
117,10142,1
72,11215,2
186,5650,1
180,2877,1
41,3612,1
103,1394,2
2,1598,2
72,11792,1
53,9400,1
154,5202,1
7,8837,1
224,8317,1
2,6702,2
2,11597,1
179,5760,1
12,8475,1
2,1262,1
118,11179,1
118,4531,2
118,4830,1
182,0,1
17,1602,1
186,11783,1
53,5754,1
9,9311,1
20,10103,1
2,10958,1
133,2796,1
17,11256,1
101,4368,1
126,0,4
141,3666,1
28,6915,1
154,9239,1
60,627,1
2,3974,1
18,5382,1
82,1044,1
211,11711,1
18,5858,1
172,5309,1
58,6406,1
18,4781,2
150,5376,1
7,2042,1
17,10503,1
99,12444,1
2,6399,1
2,4719,1
52,0,2
2,6199,2
224,8502,1
20,8490,1
25,2482,1
132,4616,2
111,2787,1
72,3773,1
164,10148,1
149,3048,1
141,5868,1
150,2652,1
60,1510,1
107,6151,1
178,1765,2
53,3930,1
2,2478,1
48,630,2
176,11357,1
155,10911,1
22,6700,1
149,5541,1
60,11566,1
2,11335,1
52,4055,1
66,12473,1
147,1523,1
72,10085,1
118,2986,1
111,13121,1
167,4306,1
118,10103,1
20,836,1
99,5585,1
198,10723,1
189,10709,2
14,3612,1
12,10063,1
186,10584,1
177,3935,1
126,12410,1
198,11333,1
182,1047,2
151,2635,1
34,10906,1
17,5284,1
2,6339,1
165,10781,1
107,1891,3
2,9190,2
52,5823,1
37,6007,2
19,12990,1
166,7296,2
99,3666,1
118,6579,1
34,0,12
2,13098,1
99,8258,1
9,7281,1
9,12645,1
2,10103,1
2,2993,1
188,13161,1
12,3751,1
69,4910,1
179,3959,1
20,11120,1
150,8915,1
118,1392,1
2,4830,1
154,9343,1
182,1546,1
118,4362,1
2,12679,1
2,12871,1
188,9342,1
187,5994,1
152,12789,1
61,5650,1
152,11766,1
150,2795,1
17,5428,1
111,1366,1
224,10251,1
115,1054,1
224,4586,1
177,9263,1
118,1129,1
61,6826,1
66,12022,1
137,12250,1
182,9263,1
20,1088,1
60,9451,1
34,3218,1
2,2045,1
34,6099,1
182,13169,3
60,5697,1
152,735,1
2,9765,1
34,4417,1
48,1486,1
2,5556,1
149,7763,1
12,2758,1
132,3204,1
20,6201,1
38,8837,2
103,6173,1
136,13205,1
136,8506,1
20,5372,1
111,950,1
169,12886,1
18,6497,1
35,906,1
141,5884,1
2,11931,2
141,8520,1
158,12527,1
136,9880,1
60,9275,1
149,10781,1
7,9452,1
61,4712,1
52,6956,1
20,4780,1
34,12845,1
2,11487,1
130,4148,1
107,6214,1
18,5924,1
179,2783,1
141,3026,1
67,2747,1
179,10294,1
149,2726,2
72,11279,1
2,5895,1
14,9241,2
106,6123,1
149,1891,1
99,638,1
20,7141,3
34,4484,1
28,2234,1
29,9083,1
133,5823,1
17,4096,1
9,5193,1
12,5917,1
2,4412,1
131,12380,1
133,2820,1
2,5361,2
126,5067,1
117,9074,1
22,627,1
106,1973,1
60,3592,1
154,7213,1
152,7141,1
165,5589,1
34,8082,1
2,9013,2
2,4140,1
107,6924,1
182,2530,1
163,3488,1
176,13216,2
18,4675,4
118,9563,1
154,782,1
182,10294,3
107,12743,1
152,8258,1
18,6365,1
185,6171,1
129,9480,1
133,5016,1
17,9781,1
120,8936,1
72,8617,1
166,10274,1
37,10167,1
83,6219,2
52,2125,1
188,11013,1
111,4439,1
177,4994,1
160,1560,1
118,5150,2
18,6123,2
32,12845,1
2,2726,1
17,11612,1
111,4664,1
186,3117,1
2,12774,1
7,10467,1
20,4210,1
60,5288,1
131,1874,1
136,3192,1
37,8854,1
118,9877,1
107,5855,1
153,3250,1
20,4359,1
22,4210,2
32,5117,1
2,9178,1
18,6059,1
17,5822,1
154,4751,3
132,9624,1
66,9615,1
131,3959,1
17,8997,1
66,2713,1
103,6700,1
60,9419,1
118,3974,2
99,11283,1
151,3346,1
14,4251,1
14,5117,1
128,6060,1
36,6853,1
34,11640,1
160,1841,1
34,12564,1
60,12439,1
22,6315,1
22,1891,1
30,0,2
131,10582,1
83,8899,1
17,10840,1
3,11136,1
103,4490,1
17,8485,1
60,12574,1
212,11091,1
107,6975,1
107,3918,1
36,6392,1
17,5952,1
132,6067,1
9,5188,1
119,11299,3
188,12146,1
136,7754,1
18,5823,2
66,12680,1
2,11359,3
55,6898,1
126,13239,1
60,3222,1
106,1809,1
132,8258,1
9,8013,1
184,13101,1
18,1199,1
34,3711,1
150,6519,1
111,1050,1
52,1584,1
154,2018,2
3,1874,1
131,11013,1
14,6655,1
69,9036,1
14,8936,1
166,5102,1
117,10557,1
182,11859,1
2,8829,1
18,3405,1
34,4194,1
126,9629,1
201,5520,1
103,6823,1
182,5223,1
154,2542,1
117,1348,1
18,901,2
147,8610,1
155,6794,1
35,5990,1
107,8171,1
69,5117,2
2,2674,1
120,7030,1
154,5932,1
22,2542,1
2,2272,4
118,3918,2
118,8940,1
177,5845,1
101,9390,1
198,9136,1
20,11955,1
12,6567,1
2,12240,1
61,10966,1
151,4477,1
34,6499,1
9,2846,1
37,3534,1
166,6361,1
101,4490,2
28,10448,1
14,1092,2
147,10943,1
126,6020,1
22,3495,1
4,2542,1
155,3791,13
15,9761,1
61,1586,1
123,1060,1
145,4285,1
37,4179,1
2,4335,1
37,2760,1
187,10572,1
107,12185,1
66,10868,1
20,3192,1
107,5673,1
18,2530,1
36,1366,1
7,7614,1
18,9708,1
9,5146,1
24,1394,1
107,2272,1
61,4059,1
107,1767,1
12,6549,1
60,11276,1
136,12305,1
38,3355,1
34,2637,1
14,6208,2
17,3590,2
182,1874,1
118,11759,1
151,1461,1
12,3368,1
130,9411,1
9,3056,1
117,5836,1
12,4646,1
2,1523,1
3,2482,1
60,11201,1
107,1394,1
17,2540,1
14,1346,1
2,1765,1
67,11215,1
36,12375,1
138,10046,1
34,12690,1
118,1891,1
166,5836,1
187,9354,1
158,8746,1
99,8506,1
18,1737,1
150,4306,1
137,10294,1
166,5056,1
14,10805,1
118,6890,1
14,4327,1
14,4910,1
18,11758,1
30,7973,1
132,12444,1
66,7282,1
32,3458,1
9,2237,1
195,11299,1
37,2427,1
20,3974,1
119,4303,1
198,10251,1
10,3289,1
36,5870,1
150,5965,1
18,5452,1
187,9741,1
126,3344,1
155,8336,1
133,1333,4
154,12394,1
2,8317,1
168,5962,1
18,1984,1
182,1823,1
167,6104,1
166,12418,1
118,6700,1
20,10196,1
150,12237,2
131,6392,1
182,5676,1
126,4572,1
61,1995,3
2,10251,2
41,10504,1
149,2018,1
20,11812,1
36,11046,1
111,10016,1
152,627,1
17,2342,1
2,10350,1
97,997,1
187,9879,1
133,4859,1
144,10830,1
34,6031,2
184,9720,1
66,12231,1
18,4859,1
2,13137,1
50,1786,1
149,4825,1
103,2018,1
166,12740,1
201,11471,1
168,8217,2
118,6937,1
34,12438,1
20,6151,1
136,5679,1
152,672,1
179,0,1
36,0,6
101,8436,2
69,10975,1
186,3748,1
184,12780,1
18,5032,1
166,7340,1
2,11014,2
82,5662,1
182,4477,1
150,11359,1
188,12012,1
136,5868,1
17,6339,1
53,6700,1
48,2816,1
61,6048,1
155,2031,1
2,1705,1
117,6619,1
166,10405,1
9,2480,2
107,10103,1
2,13120,1
12,4389,1
133,4495,1
17,8506,1
20,3358,1
116,8669,1
137,1874,1
182,5285,1
188,7366,1
198,12220,1
32,5861,1
107,4690,1
101,6173,2
188,2765,1
129,2993,1
131,12179,1
186,6299,1
9,9968,1
32,1874,1
137,2448,1
53,11607,1
61,4169,1
188,7177,1
116,13243,1
72,1344,1
36,1001,1
176,6548,1
8,13214,1
15,12442,1
147,5600,1
2,3657,1
211,5941,1
72,12036,1
18,11709,1
107,8258,1
111,5180,1
133,8013,3
2,3446,2
107,8124,1
211,4555,1
154,10675,1
14,6136,1
18,11561,1
66,10143,1
131,11640,1
14,10294,1
18,2006,4
14,6112,1
118,8281,1
12,7106,1
14,1333,1
149,5804,1
111,1890,1
128,9470,2
129,5929,1
27,4466,1
3,5582,1
160,12418,2
154,7147,1
144,11215,1
72,3159,1
118,5774,1
20,2788,1
187,1394,1
38,5861,1
41,0,1
22,4744,1
198,6508,1
12,11950,1
138,8106,1
37,1044,1
50,0,2
60,5804,1
9,7278,1
128,3007,1
9,5094,1
166,10041,1
22,3251,1
37,9451,1
187,8106,1
147,5932,1
12,12982,1
186,4529,2
118,1288,1
150,2726,2
17,10141,1
14,9072,1
17,11140,1
190,2135,1
184,10478,1
34,8624,2
198,3918,1
165,3921,1
2,4144,1
2,11089,1
147,11346,1
118,6315,4
101,13258,1
137,5760,1
37,4335,1
53,4359,1
118,3002,1
2,6319,1
20,4825,1
107,2748,1
182,778,1
111,12368,1
29,6837,1
118,2906,1
52,10331,1
7,5182,1
187,9172,1
177,3135,1
165,5220,1
14,1546,1
53,6173,1
38,10645,1
60,4531,1
162,6361,1
14,8600,1
36,12935,1
99,11883,1
182,4424,1
66,2542,1
182,4765,1
118,8779,1
2,13140,1
20,2959,1
186,3728,1
180,6648,1
2,12141,1
224,10040,1
9,13141,1
22,5668,1
2,12239,1
48,10929,2
170,7912,1
138,2342,1
106,11073,1
9,5278,1
72,3117,1
112,5475,1
22,3004,1
126,12597,1
144,9908,1
154,2135,1
18,12199,1
154,4584,1
37,997,1
118,7141,1
37,2500,1
20,3224,1
187,5668,1
82,6700,3
154,9127,1
14,3791,1
107,9563,1
147,5334,2
166,1092,1
99,10332,1
22,6171,1
14,3234,1
176,12941,1
20,6566,1
14,1050,1
107,1602,3
38,12894,1
9,1333,1
118,5952,1
37,1770,1
61,9074,1
131,3355,1
182,5557,1
132,5903,1
170,4155,1
173,10661,1
149,1394,2
2,4438,1
232,3836,1
38,5056,2
118,9666,1
152,2993,1
133,10818,4
186,13107,1
129,2418,1
18,11350,1
18,3117,1
2,9617,1
17,11751,1
34,5861,1
182,2934,1
20,2427,1
2,2740,1
152,12169,1
18,10876,1
155,10245,1
22,4690,1
14,2161,2
61,12450,1
66,6494,2
118,9820,1
2,5631,2
9,6213,1
69,8231,1
18,10261,1
154,1822,1
162,0,1
60,11939,1
182,9359,1
2,5291,1
131,11745,1
210,2031,1
18,10302,1
72,0,5
111,9173,1
38,2787,1
224,6151,2
14,3405,1
35,6362,1
118,836,4
133,12102,1
111,11668,1
72,4017,1
111,2428,1
17,10712,1
158,8591,1
182,3081,1
18,9946,1
101,13083,1
2,9253,1
2,2986,1
118,4894,2
37,13074,1
166,4978,2
118,9521,1
34,12340,1
17,4360,1
178,3796,1
176,5697,1
166,6792,1
141,7143,1
14,6217,1
12,10218,1
52,1759,1
66,3293,1
145,1262,1
165,5541,1
18,10070,1
106,1863,1
28,12846,1
111,1874,1
41,6651,1
107,6315,1
60,10752,1
164,0,1
34,13037,1
61,8192,1
53,2427,2
9,13138,1
72,8659,1
2,4306,1
129,8469,1
137,13099,1
141,12666,1
118,10688,1
69,6394,1
149,12860,1
34,8675,1
182,4305,1
38,2293,1
166,12720,1
99,6106,1
118,5112,2
20,5851,1
12,6527,2
187,7763,1
154,7134,1
60,3600,1
37,10266,1
187,8032,1
30,3135,1
154,7141,1
166,12717,1
160,0,1
18,6563,1
198,672,1
2,5932,2
153,3461,1
24,11474,1
132,1770,1
60,13100,1
72,11398,1
34,4495,1
32,5803,1
162,10474,1
53,2773,1
132,3666,1
60,9307,1
133,4303,1
14,2336,2
60,9400,1
184,12809,2
48,11470,1
50,4808,1
18,6453,1
72,3526,1
60,11915,1
177,12683,1
111,9083,1
111,11125,1
83,10670,1
38,11857,1
147,6184,1
11,9822,1
38,12366,1
2,10936,1
35,3538,1
144,9269,1
3,5117,1
14,5599,1
2,3705,2
129,1901,1
120,5823,1
131,4194,1
106,3959,1
116,6724,1
12,1797,1
198,5941,1
2,2018,1
107,4117,1
118,7507,1
60,12110,1
37,3208,1
22,3778,1
20,2281,1
154,1572,1
152,1901,1
34,6741,1
2,11274,1
14,10410,1
37,8410,2
20,6700,1
111,5188,1
67,4534,1
168,9447,1
116,9754,1
117,4152,1
2,7031,1
117,10632,1
137,3201,1
103,1152,2
99,6533,1
111,10645,1
176,12923,1
28,8452,1
4,1765,3
2,5031,1
182,2604,1
3,12221,1
12,0,6
18,13178,1
120,6943,1
182,2787,1
2,9419,1
117,2026,1
103,3642,1
20,10811,1
2,9095,1
18,10883,1
182,5067,2
53,2674,1
158,3592,1
152,11371,1
50,6626,1
169,12428,1
154,11359,1
53,4348,1
167,8689,1
124,12917,1
37,11739,1
17,11816,1
37,5310,1
14,8675,1
12,10636,1
117,2031,1
133,1823,2
141,5976,1
111,8431,1
3,2851,1
29,13208,1
165,2661,1
158,11942,1
106,13167,1
182,11910,1
61,5193,1
2,7013,1
111,5946,1
2,1127,1
24,7019,1
61,3582,1
131,3173,1
36,10676,1
18,11819,1
2,2702,1
60,6548,1
34,833,1
107,1930,1
117,0,2
66,1152,1
176,8184,1
60,9671,1
2,4249,1
101,8258,1
35,9116,1
30,7719,2
61,5917,1
72,11826,1
14,7278,1
66,2342,1
154,2915,1
2,9770,1
211,8032,2
53,1039,1
177,13112,1
107,6083,1
182,12683,2
48,11694,1
53,1044,3
147,5679,1
34,6392,1
120,6123,1
17,8490,1
2,13234,1
224,11917,1
188,9740,1
111,13143,1
2,11658,1
20,9488,2
60,12107,1
18,6556,1
2,8614,4
101,3178,1
155,7649,2
17,5372,1
150,10606,3
118,7754,1
17,2018,1
2,10051,1
150,4016,1
182,11022,1
15,10040,1
32,1658,1
55,5110,1
14,2891,1
176,9891,1
163,1769,1
125,2542,1
34,4264,1
107,6171,1
111,5146,1
35,735,1
14,9483,1
152,3017,1
37,4650,1
2,8588,1
155,11648,1
36,5094,1
12,1241,1
9,3289,1
150,10507,1
123,6692,1
66,11359,1
20,4841,2
18,5630,1
155,2604,1
2,12880,1
136,3079,1
101,3446,1
188,0,3
188,10911,1
22,5677,1
149,6599,1
2,6353,2
166,1199,1
182,10504,1
20,9729,1
118,6380,1
150,3635,1
106,5902,5
36,1050,1
99,5774,2
18,12540,1
18,8336,1
37,4029,1
154,1167,1
131,4659,1
2,10448,2
7,2835,1
99,4809,1
48,11362,2
176,4388,1
166,5793,1
2,1932,1
32,10906,1
2,10479,2
133,3225,1
168,7014,1
136,4397,1
2,7022,1
34,6006,1
107,3251,1
20,2283,2
198,8568,1
17,11759,1
18,5223,1
18,0,11
12,8217,1
36,1333,1
22,6595,1
8,12176,1
9,11545,1
60,5112,1
53,2825,1
66,12211,1
131,2200,1
22,12428,1
157,9359,1
177,10975,1
119,9780,1
83,3791,6
18,5481,1
179,10193,1
17,4364,1
154,9929,1
2,9929,1
158,8973,1
107,2959,1
37,9541,1
9,9946,1
2,10415,1
166,2350,1
182,10193,1
18,1599,2
177,4765,2
118,5042,1
111,8624,1
60,2678,1
147,6726,3
37,4397,1
144,12191,1
2,10972,1
167,10316,1
37,7150,1
145,5815,1
17,1765,1
2,9329,1
2,11531,1
144,0,1
52,6891,1
17,12213,1
187,9451,1
152,4353,1
184,1874,1
61,2482,2
38,7566,1
34,5540,1
186,11097,1
111,9791,1
36,8116,1
181,10671,1
38,10085,1
150,5020,1
147,4676,2
66,10431,1
34,8833,1
60,3208,1
187,9482,1
48,10381,1
186,4666,1
111,6620,2
12,1601,1
2,11647,1
2,13049,1
24,2852,1
60,1044,2
196,9400,1
149,12745,1
12,5456,1
2,8599,1
154,10686,1
150,2135,1
14,4389,1
160,4334,1
61,5814,1
14,12209,1
182,3027,1
34,2187,1
111,4536,1
53,2018,1
2,12358,1
37,8124,1
99,12819,1
14,4631,1
72,8956,1
60,6061,1
29,5247,1
158,10448,1
166,901,1
129,4867,1
53,3222,3
2,12721,1
32,6620,1
154,10596,1
167,1088,1
61,1500,1
131,7847,1
50,6017,1
34,3669,1
129,2830,3
3,3849,3
37,1516,1
60,2241,1
9,8778,2
2,11348,1
149,7213,1
158,4946,1
12,5915,1
66,12325,1
12,4903,1
61,4727,1
2,6034,2
147,12301,1
36,12940,1
141,1901,1
168,0,1
66,11452,1
136,5211,1
118,10660,1
37,12396,1
2,8344,1
37,2915,1
2,13186,1
136,997,1
133,2604,2
144,10474,1
2,12428,1
2,2407,2
126,3135,1
41,5274,1
177,12900,1
53,2599,1
18,4417,1
118,6405,1
186,6361,1
133,2530,1
212,9483,2
136,1930,1
147,11935,1
3,1601,2
3,6671,1
107,10840,1
119,7216,1
185,10772,1
9,12342,1
2,4748,2
18,5355,2
111,2336,1
132,10040,1
118,9169,1
18,9452,1
34,4347,1
24,9008,1
151,9135,1
196,2726,1
129,10376,1
133,12043,1
82,10176,1
156,8281,1
191,12445,1
147,2337,1
111,12328,2
18,12724,1
2,10125,1
176,12299,1
34,12740,1
128,6945,2
117,3513,1
72,3849,1
116,12503,1
61,9452,1
83,0,6
50,1654,1
185,12677,1
118,9929,1
150,2542,1
147,12765,1
9,11572,1
168,5333,2
179,9852,1
136,6595,1
154,3642,1
107,8238,1
9,12474,1
18,6826,3
14,2480,1
10,0,1
17,8805,1
152,11722,1
34,12779,1
14,12683,1
17,11519,2
130,11694,1
182,10373,1
29,1333,1
2,4926,1
155,12542,1
167,3590,1
177,5823,1
9,5865,1
131,1601,1
12,1340,2
9,1241,2
60,2865,1
2,9488,2
154,10626,1
2,11896,1
111,11242,1
9,8943,1
119,6750,1
126,8202,2
22,3974,1
20,12187,1
177,5193,1
130,1765,1
60,2856,1
136,11283,1
154,4348,2
137,5188,1
187,1088,1
205,1980,1
99,3178,1
154,6227,1
147,6788,1
129,5662,1
154,12082,1
2,12457,1
132,10321,1
20,9082,1
111,12449,1
118,8872,1
18,2053,1
154,12541,1
50,4695,1
66,6151,2
99,7282,1
61,1584,1
20,2340,1
158,7282,1
18,5333,1
154,6603,1
72,12678,1
18,4952,1
14,4907,1
22,2900,1
9,4291,1
7,1760,1
38,1450,1
145,6186,1
50,1797,2
34,9168,1
56,3546,1
52,3289,1
128,0,2
60,11827,1
154,12309,1
118,5633,1
101,1442,1
111,4495,1
131,1346,1
167,6142,1
2,4531,1
101,6203,1
29,7216,1
34,1951,12
156,8652,1
150,11371,1
17,7213,2
14,5553,2
117,10939,1
22,5176,1
160,8899,1
111,2927,1
111,1991,1
20,11542,1
101,4063,1
111,9292,1
185,2542,1
20,2939,1
20,5114,1
126,5579,1
36,2336,1
111,7566,1
136,4555,1
22,2540,4
2,4517,1
184,11796,1
61,1980,1
20,4478,1
82,2197,1
18,9704,2
99,2636,1
136,6577,1
103,6788,2
2,8757,1
18,5685,1
34,8226,1
12,3188,1
22,1088,1
99,7909,1
2,12936,1
17,4218,1
107,6566,3
149,11359,1
17,6603,1
27,2132,1
131,9667,1
132,10332,1
60,10350,1
2,6465,1
17,2742,1
97,10334,1
2,3189,1
2,997,1
32,2031,1
137,11783,1
60,1945,1
182,5601,1
137,6273,1
37,6719,1
107,8612,1
132,6197,1
101,8410,1
53,2496,1
126,6945,1
35,4650,1
12,5931,1
60,6902,1
166,6116,1
126,1074,1
103,2920,1
37,4061,1
154,8999,1
186,0,8
60,1486,1
158,10185,1
9,10715,1
211,1985,1
2,1516,4
111,11972,1
38,5016,1
166,10838,1
118,4126,1
107,13142,1
154,4357,1
132,9457,1
2,11016,2
130,5219,1
174,9071,1
14,5793,1
18,1366,3
155,4127,1
82,8773,1
9,2765,2
154,9866,1
2,12451,2
166,1333,2
34,10221,1
132,11014,1
2,5446,1
12,8781,1
144,4477,1
129,10648,1
4,6935,1
36,10478,1
133,1968,1
152,6520,2
2,7787,1
176,11380,2
166,6123,1
150,8258,1
126,5078,3
166,12557,1
129,9488,1
136,6915,1
9,12618,1
50,8509,1
34,10041,2
28,6724,2
12,12968,1
180,3935,1
118,9860,1
158,9037,1
9,2103,1
224,2726,1
3,1092,1
187,12624,1
60,12022,1
2,6391,1
117,2343,1
151,2044,1
20,3208,1
34,12179,1
166,0,3
17,6151,1
69,8288,1
2,8702,2
69,0,7
2,10237,1
106,11596,1
198,11544,2
111,10706,1
32,6473,1
60,11340,1
2,7141,2
14,1599,1
35,7288,1
111,11455,1
69,1609,1
28,9365,2
22,2726,1
61,7230,1
150,2656,2
150,5877,1
18,4569,1
149,3473,1
167,10228,2
12,2411,1
144,11064,3
162,1050,2
182,10746,1
18,4910,1
118,5336,1
2,11474,2
17,8393,1
20,12785,1
99,7499,1
210,10971,1
111,13091,1
131,10478,1
179,4859,1
34,1050,1
117,5650,1
107,6906,1
144,10140,1
154,10031,1
48,11933,1
152,4348,3
37,2913,1
154,13241,1
130,3882,1
107,8825,1
34,8510,1
133,9768,1
163,6151,1
167,6151,1
20,8410,1
119,1241,1
107,2733,1
34,8837,1
176,4616,1
18,10494,1
3,9234,1
117,2233,1
22,8777,1
106,1610,3
106,0,4
2,9879,1
111,3641,1
9,11903,1
106,3054,2
2,9613,1
9,1609,1
2,12303,1
168,3612,2
107,52,1
18,6651,1
60,9615,1
22,7008,1
53,4676,2
2,2474,1
126,1683,1
137,9452,2
14,10388,2
66,5976,1
2,5792,1
136,10415,1
12,13253,1
67,6385,1
20,627,1
24,11463,1
212,4587,1
41,3746,1
20,5747,1
2,2430,1
9,11091,1
2,6548,1